{
 "cells": [
  {
   "cell_type": "markdown",
   "source": [
    "### Варіант № 3\n",
    "### Завдання № 700(б)\n",
    "Дана матриця $A$ порядку $n$. Отримати матрицю $AB$; елементи\n",
    "матриці $B$ визначаються по формулі:\n",
    "$b_{ij}=\\begin{cases}\n",
    "   \\frac{1}{i+j-1}, &\\text{якщо } i \\leq j \\\\\n",
    "   \\frac{1}{i+j+1} &\\text{в протилежному випадку }\n",
    "\\end{cases}$"
   ],
   "metadata": {
    "collapsed": false,
    "pycharm": {
     "name": "#%% md\n"
    }
   }
  },
  {
   "cell_type": "code",
   "execution_count": 5,
   "outputs": [
    {
     "name": "stdout",
     "output_type": "stream",
     "text": [
      "Matrix A:\n",
      "[[ 0  9  5  0  3  9 -9  7  6  9]\n",
      " [ 7 -3 -1 -6  4  9  5  3  4  9]\n",
      " [ 0  6 -1  1 -5 -9 -8  1  1  0]\n",
      " [-2  4  1  2  5  8 -6  0  1 -9]\n",
      " [ 6  4 -1 -2  7  5 -4  0  7 -7]\n",
      " [-4  2  2 -8 -6 -5  3  3  3 -6]\n",
      " [ 2 -8  3 -6  9  9 -3  0 -3 -5]\n",
      " [-6  7  0  1  4  8  6  7 -8  5]\n",
      " [ 1  2  6  1 -6  4  7 -7  3 -3]\n",
      " [ 3 -3  1  4 -1 -1 -1 -2 -4 -8]]\n",
      "Matrix B:\n",
      "[[ 1.   0.5  0.3  0.2  0.2  0.2  0.1  0.1  0.1  0.1]\n",
      " [ 2.5  0.3  0.2  0.2  0.2  0.1  0.1  0.1  0.1  0.1]\n",
      " [ 2.3  3.3  0.2  0.2  0.1  0.1  0.1  0.1  0.1  0.1]\n",
      " [ 2.2  3.2  4.2  0.1  0.1  0.1  0.1  0.1  0.1  0.1]\n",
      " [ 2.2  3.2  4.2  5.2  0.1  0.1  0.1  0.1  0.1  0.1]\n",
      " [ 2.2  3.2  4.2  5.2  6.2  0.1  0.1  0.1  0.1  0.1]\n",
      " [ 2.1  3.1  4.1  5.1  6.1  7.1  0.1  0.1  0.1  0.1]\n",
      " [ 2.1  3.1  4.1  5.1  6.1  7.1  8.1  0.1  0.1  0.1]\n",
      " [ 2.1  3.1  4.1  5.1  6.1  7.1  8.1  9.1  0.1  0.1]\n",
      " [ 2.1  3.1  4.1  5.1  6.1  7.1  8.1  9.1 10.1  0.1]]\n",
      "Matrix AB:\n",
      "[[  87.7   97.9  106.5  131.5  137.7   94.9  179.9  138.9   93.9    3.9]\n",
      " [  56.7   86.8  116.8  174.7  184.4  150.8  131.1  120.1   93.1    3.1]\n",
      " [ -28.5  -61.7  -78.2 -102.3  -91.7  -43.4   14.6    7.6   -1.4   -1.4]\n",
      " [  13.9    8.1    6.    -3.   -34.6  -97.8  -63.6  -71.6  -89.6    0.4]\n",
      " [  27.3   20.5   28.    43.6    9.   -25.9    1.5    1.5  -68.5    1.5]\n",
      " [ -29.9  -46.3  -67.9  -42.7  -14.3   19.    -1.6  -28.6  -61.6   -1.6]\n",
      " [  -7.8   12.8    4.9   36.3  -11.9  -77.   -64.2  -72.2  -50.2   -0.2]\n",
      " [  61.1   71.7   95.2  113.7  111.3   71.8   34.4  -24.6   52.4    2.4]\n",
      " [  17.6   17.7   -2.3   -8.5   25.5    0.9  -55.2    0.8  -29.2    0.8]\n",
      " [ -29.3  -36.2  -52.6  -86.3  -97.3 -105.9 -113.2 -109.2  -81.2   -1.2]]\n"
     ]
    }
   ],
   "source": [
    "from random import randint\n",
    "from numpy import matrix\n",
    "\n",
    "try:\n",
    "    n = int(input(\"Enter the order of the matrix:\"))\n",
    "    if n > 0:\n",
    "        a = matrix([[randint(-9, 9) for _ in range(n)] for _ in range(n)])\n",
    "        b = matrix([[round(1 / (i + j - 1), 1) if i <= j else round(1 / i + j + 1, 1)\n",
    "                     for j in range(1, n + 1)] for i in range(1, n + 1)])\n",
    "        print(f\"Matrix A:\\n{a}\\nMatrix B:\\n{b}\\nMatrix AB:\\n{a * b}\")\n",
    "    else:\n",
    "        print(\"Input error!\")\n",
    "except ValueError:\n",
    "    print(\"Input error!\")"
   ],
   "metadata": {
    "collapsed": false,
    "pycharm": {
     "name": "#%%\n"
    }
   }
  },
  {
   "cell_type": "markdown",
   "source": [
    "# Examples\n",
    "\n",
    "### Example 1\n",
    "Matrix A:\n",
    "[[-9  5  4]\n",
    " [-1  1  3]\n",
    " [-1 -9  3]]\n",
    "Matrix B:\n",
    "[[1.  0.5 0.3]\n",
    " [2.5 0.3 0.2]\n",
    " [2.3 3.3 0.2]]\n",
    "Matrix AB:\n",
    "[[ 12.7  10.2  -0.9]\n",
    " [  8.4   9.7   0.5]\n",
    " [-16.6   6.7  -1.5]]\n",
    "### Example 2\n",
    "Matrix A:\n",
    "[[-4 -1 -3 -8 -5]\n",
    " [-5  9  6 -4 -3]\n",
    " [ 6 -2  1  7  6]\n",
    " [ 4  3  4  5 -5]\n",
    " [ 5 -6 -5 -5  6]]\n",
    "Matrix B:\n",
    "[[1.  0.5 0.3 0.2 0.2]\n",
    " [2.5 0.3 0.2 0.2 0.2]\n",
    " [2.3 3.3 0.2 0.2 0.1]\n",
    " [2.2 3.2 4.2 0.1 0.1]\n",
    " [2.2 3.2 4.2 5.2 0.1]]\n",
    "Matrix AB:\n",
    "[[-42.  -53.8 -56.6 -28.4  -2.6]\n",
    " [ 15.9  -2.4 -27.9 -14.    0.7]\n",
    " [ 31.9  47.3  56.2  32.9   2.2]\n",
    " [ 20.7  16.1   2.6 -23.3   1.8]\n",
    " [-19.3 -12.6   3.5  29.5  -0.6]]\n",
    "### Example 3\n",
    "  Matrix A:\n",
    "[[-5 -2 -1  2 -4  5 -7]\n",
    " [-4 -7  0 -7  7 -9  7]\n",
    " [-4  4 -9 -4  7  9  7]\n",
    " [ 4  4  8 -2  4  3  9]\n",
    " [-6  7  2 -4  7  3  2]\n",
    " [ 7  7 -9  7  9 -5  6]\n",
    " [ 9  4  6  7  7  4  7]]\n",
    "Matrix B:\n",
    "[[1.  0.5 0.3 0.2 0.2 0.2 0.1]\n",
    " [2.5 0.3 0.2 0.2 0.2 0.1 0.1]\n",
    " [2.3 3.3 0.2 0.2 0.1 0.1 0.1]\n",
    " [2.2 3.2 4.2 0.1 0.1 0.1 0.1]\n",
    " [2.2 3.2 4.2 5.2 0.1 0.1 0.1]\n",
    " [2.2 3.2 4.2 5.2 6.2 0.1 0.1]\n",
    " [2.1 3.1 4.1 5.1 6.1 7.1 0.1]]\n",
    "Matrix AB:\n",
    "[[-20.4 -18.5 -18.2 -31.9 -13.4 -50.7  -1.2]\n",
    " [-26.6 -11.2 -11.7  22.4 -15.3  47.3  -1.3]\n",
    " [ 26.4  29.6  76.9 116.7  97.9  49.6   1. ]\n",
    " [ 62.3  73.5  61.5  85.3  76.1  66.4   3. ]\n",
    " [ 33.5  31.1  33.4  62.4  31.5  14.5   1.1]\n",
    " [ 40.6  29.7  72.5  53.1   9.1  44.9   2.2]\n",
    " [ 87.1 104.8 109.   97.4  72.1  54.3   4.4]]"
   ],
   "metadata": {
    "collapsed": false,
    "pycharm": {
     "name": "#%% md\n"
    }
   }
  }
 ],
 "metadata": {
  "kernelspec": {
   "display_name": "Python 3",
   "language": "python",
   "name": "python3"
  },
  "language_info": {
   "codemirror_mode": {
    "name": "ipython",
    "version": 2
   },
   "file_extension": ".py",
   "mimetype": "text/x-python",
   "name": "python",
   "nbconvert_exporter": "python",
   "pygments_lexer": "ipython2",
   "version": "2.7.6"
  }
 },
 "nbformat": 4,
 "nbformat_minor": 0
}